1 1725 1
1 1757 1
1 2446 1
2 1185 1
2 2341 1
2 2591 1
3 348 1
3 1134 1
3 1273 1
3 1430 2
3 1658 1
3 1921 1
3 2238 1
4 895 1
4 971 1
5 87 1
5 963 1
6 552 1
6 963 2
6 1629 1
6 2018 1
7 404 2
7 671 2
7 1191 1
7 1579 2
7 1998 1
7 2593 1
8 78 1
8 591 2
8 1110 2
8 1397 1
8 2177 3
8 2239 2
9 82 1
9 502 2
9 681 1
9 1206 1
9 1835 1
10 681 1
10 1983 1
11 1485 1
11 2075 1
12 1353 1
13 2563 1
14 677 1
14 2339 1
15 1497 1
15 2661 1
16 336 1
16 758 1
16 1819 1
16 2355 1
16 2478 1
17 1693 2
17 1824 1
17 2090 1
18 938 1
18 2278 1
18 2436 1
19 30 1
19 843 1
19 2490 1
20 114 1
20 624 1
20 2536 1
20 2563 2
21 151 1
21 1252 1
21 1862 1
21 1879 1
22 156 1
22 157 1
22 1852 1
23 182 1
23 604 1
24 700 1
24 1068 1
24 1204 1
25 1492 1
25 1999 1
26 889 1
26 947 1
26 1664 2
26 2359 2
26 2404 4
27 1980 1
27 2626 1
28 1066 1
28 1333 1
28 2684 1
29 45 1
29 687 1
30 843 1
30 2490 1
31 2567 1
32 74 1
32 1649 1
32 1801 1
33 296 1
33 1594 1
33 2111 1
33 2483 1
34 1596 1
35 1875 1
35 2479 1
36 2049 1
37 42 3
37 831 1
37 980 1
37 1044 1
37 1091 1
37 1497 1
37 2046 1
37 2668 1
38 1834 1
39 983 1
39 1442 1
40 1061 1
40 1570 1
41 668 1
41 774 1
41 1573 1
42 831 1
42 980 1
42 1044 3
42 1346 2
42 1373 1
42 1497 2
42 2046 1
42 2650 1
42 2668 1
43 942 1
43 1061 1
44 2033 1
45 322 1
45 392 3
45 646 1
45 687 1
45 820 1
45 1009 3
45 1329 1
45 1536 1
45 1598 1
45 1605 1
45 1609 3
45 1635 3
45 1737 1
45 1758 1
45 2162 1
45 2334 2
45 2509 1
45 2602 2
45 2625 3
45 2642 1
45 2673 1
45 2690 1
46 789 1
46 2706 1
47 791 1
47 908 1
47 1377 1
48 736 1
48 1557 1
49 544 1
50 1816 1
50 2017 1
51 244 1
51 876 1
52 649 1
53 158 1
53 892 1
53 1041 1
53 1567 1
53 2014 1
54 1156 1
54 1834 1
55 432 1
55 2211 1
56 358 1
56 748 1
56 1654 1
56 2382 1
56 2644 1
57 2315 1
58 683 1
58 1766 1
58 2002 1
59 124 1
59 190 1
59 2008 1
59 2228 1
60 209 1
60 404 1
60 571 1
60 763 1
60 1357 1
60 1828 1
60 1853 1
61 942 1
62 479 1
62 538 2
62 678 1
63 1841 1
63 2051 1
64 2647 1
65 887 1
65 2075 1
65 2340 1
66 1788 1
66 2554 1
67 598 1
67 1599 1
67 2328 1
67 2443 1
68 109 1
68 1290 2
69 1500 3
69 1993 2
70 818 1
71 258 1
71 788 1
71 2506 1
72 2312 1
73 719 1
73 988 1
73 2205 1
74 1649 1
74 1801 1
75 139 1
75 1058 1
75 1151 1
75 1579 1
75 2518 1
76 2031 1
77 244 1
77 1657 1
77 1900 1
78 244 1
78 1391 1
79 237 1
79 1573 1
79 1582 2
79 2054 3
79 2468 1
79 2682 1
80 590 1
80 1974 1
81 117 1
81 406 1
81 409 1
81 417 2
81 579 1
81 957 1
81 1230 1
81 1436 3
81 1446 1
81 1620 1
81 1698 1
81 1941 1
82 502 1
82 1835 1
82 2082 2
83 182 1
84 241 1
85 911 1
85 2505 1
86 1130 1
86 2686 1
87 963 1
88 687 1
88 1066 4
89 1596 1
90 1269 1
90 2415 2
91 443 1
91 1499 1
91 2364 1
92 1284 1
93 1087 1
93 1666 1
93 2068 1
94 505 1
94 992 1
94 2559 1
95 337 1
95 871 1
95 962 1
95 975 1
95 1174 4
95 1375 1
95 1595 1
95 2040 1
95 2701 1
96 572 3
96 2407 2
97 504 1
97 703 1
97 785 1
97 835 1
97 903 1
97 969 1
97 983 1
97 1029 1
98 869 1
98 1169 1
98 1573 1
99 297 1
99 631 1
99 844 1
99 1585 1
99 1714 1
99 1922 1
99 2361 1
99 2373 1
99 2553 1
99 2555 1
100 2075 1
100 2546 1
101 425 1
101 732 1
101 2079 1
101 2330 1
101 2712 1
102 1623 1
102 1831 1
102 2676 1
103 289 1
103 302 1
103 357 2
103 589 1
103 621 1
103 674 1
103 956 1
103 994 1
103 1208 1
103 1478 1
103 1804 1
103 1842 1
103 1938 1
103 2217 1
103 2271 1
103 2452 1
103 2482 1
104 136 1
104 485 1
104 884 1
104 1695 1
104 1895 2
104 2179 1
104 2255 1
104 2665 1
105 331 1
105 1093 1
105 1550 1
105 1843 2
105 1984 1
106 170 1
106 782 1
106 1833 1
107 1851 1
108 244 1
108 2592 1
109 1290 1
110 919 1
110 2148 1
110 2530 1
111 303 1
111 825 1
112 2699 1
113 1228 1
114 189 2
114 2078 1
114 2231 3
114 2557 1
114 2563 1
115 826 1
115 2394 2
116 2123 1
117 409 1
117 417 1
117 579 1
117 1436 1
117 1620 1
118 657 2
118 1135 1
118 1156 2
118 1834 1
118 2516 1
119 1325 1
120 2111 1
120 2335 1
121 249 1
121 367 1
121 528 1
121 578 2
121 618 1
121 841 2
121 1020 1
121 1094 1
121 1253 1
121 1352 2
121 1593 1
121 1594 2
121 2111 4
121 2472 1
122 134 4
122 675 1
122 764 1
122 798 1
122 1066 1
122 1198 1
122 1287 1
122 1396 1
122 1453 3
122 1474 1
122 1497 1
122 2075 1
122 2214 1
122 2215 1
122 2322 1
122 2571 3
123 171 1
123 291 1
123 313 1
123 416 1
123 446 2
123 556 2
123 738 1
123 827 1
123 861 1
123 968 2
123 1065 1
123 1195 1
123 1562 1
123 1564 1
123 1752 1
123 1802 1
123 2188 2
123 2311 2
123 2503 1
123 2512 1
123 2693 1
124 190 1
124 2008 1
124 2228 1
125 1902 1
126 2428 1
127 1284 1
128 506 1
128 712 2
128 1781 2
129 881 1
129 1244 1
129 2558 1
130 1806 1
131 573 1
132 1066 1
133 391 1
133 850 1
133 1615 1
133 1910 1
134 675 1
134 798 1
134 1453 2
135 543 1
137 721 3
137 1651 1
137 1899 1
137 1983 1
138 2437 1
139 185 1
139 1058 1
139 1151 1
139 1180 1
139 1579 2
139 2518 1
140 223 1
140 287 1
140 300 1
140 384 1
140 885 1
140 929 1
141 1348 1
142 419 1
142 2199 1
143 376 3
143 1079 1
143 1943 1
143 2277 1
144 397 1
144 2200 1
144 2268 1
145 1596 1
145 2666 1
146 162 1
146 1251 1
147 157 1
147 558 1
147 701 1
147 1628 1
148 477 1
148 813 1
148 2293 1
149 1675 2
150 1075 1
150 1238 1
150 1285 1
150 1400 1
150 2111 3
151 1252 1
151 1404 1
151 1862 1
151 1872 1
151 1879 1
152 2181 1
153 963 1
153 1958 1
153 2174 2
153 2445 1
154 2187 1
155 785 1
155 1679 1
156 157 4
156 240 1
156 411 1
156 1016 1
156 1852 1
156 2187 1
156 2524 1
157 238 1
157 326 2
157 352 1
157 411 1
157 430 1
157 473 3
157 495 1
157 555 1
157 558 2
157 654 1
157 674 3
157 701 1
157 727 2
157 737 1
157 789 1
157 903 1
157 926 1
157 1016 1
157 1188 1
157 1272 1
157 1503 1
157 1628 2
157 1732 1
157 1744 1
157 1852 1
157 2100 1
157 2187 1
157 2331 1
157 2469 5
157 2710 1
158 892 1
158 1041 1
158 1567 1
158 2014 1
159 181 1
159 316 1
159 499 1
160 496 1
161 777 1
161 2373 1
162 1251 1
163 1786 1
163 2251 1
164 539 2
164 1174 2
165 833 1
166 629 1
167 182 1
167 1498 1
167 2069 1
168 186 1
168 227 1
169 1491 1
169 1997 1
169 2137 1
170 782 1
170 1833 1
171 968 1
171 2188 1
172 511 1
173 315 1
173 1584 1
173 1751 1
174 2188 1
175 1781 1
175 1979 1
176 1940 1
177 568 1
177 756 1
177 1012 1
178 244 1
178 2427 1
178 2574 1
179 723 1
179 1066 1
179 1123 1
179 1240 1
180 2126 1
182 238 1
182 266 1
182 377 1
182 440 1
182 484 4
182 489 1
182 542 1
182 604 2
182 1210 1
182 1319 1
182 1659 2
182 1734 1
182 1933 2
182 1993 2
182 2003 1
182 2069 2
182 2113 1
182 2127 1
182 2139 1
182 2282 1
182 2382 1
182 2504 1
182 2596 1
182 2659 1
183 194 2
183 532 2
183 699 2
183 714 1
183 1850 1
183 2119 1
183 2131 1
183 2163 1
183 2604 1
184 1417 1
184 1534 1
184 1673 1
184 2221 3
184 2442 3
184 2551 1
185 1050 2
185 1180 1
185 1491 1
185 1579 1
186 227 1
187 1454 1
187 2687 1
188 965 1
189 760 1
189 886 1
189 1026 1
189 1066 1
189 1266 1
189 1267 1
189 1294 1
189 1873 1
189 1985 1
189 2210 1
189 2254 1
189 2316 2
189 2346 1
189 2381 1
189 2385 1
189 2405 1
189 2563 3
189 2576 1
189 2577 1
190 2008 2
190 2228 2
191 962 1
191 1174 1
192 2492 1
193 2452 1
194 532 2
194 699 2
194 878 1
194 1017 1
194 1722 1
194 2119 1
194 2131 1
194 2163 1
194 2173 1
194 2175 1
194 2176 1
194 2604 1
195 378 1
195 394 1
195 460 1
195 530 1
195 974 1
195 1363 1
195 1599 1
195 2443 1
196 1841 1
196 2393 1
196 2559 1
197 422 1
197 423 1
197 1012 1
197 2164 2
197 2638 1
198 1017 2
198 1683 1
199 453 3
199 537 2
199 1602 3
200 744 1
201 1154 1
201 1693 2
201 2085 1
202 523 1
202 2580 1
203 744 1
204 803 1
204 1066 2
204 1666 1
204 2353 1
205 2559 1
206 1944 1
207 1326 1
207 2500 1
208 2234 1
209 1355 1
209 1506 1
209 2324 1
210 1316 1
210 1825 1
211 2488 1
212 2590 1
212 2598 1
213 720 1
213 1058 1
213 1122 1
213 1447 1
213 1821 1
214 1355 1
214 2309 1
215 1616 1
216 1616 1
216 2367 1
217 284 1
217 741 1
218 288 2
219 220 1
219 289 1
219 431 1
219 676 1
219 1262 1
219 1810 1
220 289 1
220 431 1
220 676 1
220 1262 1
220 1810 1
221 783 1
221 910 1
221 1693 1
222 519 1
222 630 1
222 1118 1
222 2010 1
223 287 1
223 885 1
224 2494 1
225 325 1
225 1423 1
226 1596 1
228 305 1
228 1207 1
228 1313 1
228 1617 1
228 1811 1
228 2095 1
228 2288 1
228 2510 1
228 2586 1
229 250 1
229 1855 1
229 2073 1
229 2715 1
230 231 1
230 390 1
230 1155 1
230 1197 1
230 1211 1
230 1399 1
231 390 1
231 1155 1
231 1197 1
231 1211 1
231 1399 1
232 580 1
232 754 1
233 1719 1
234 238 1
234 504 1
234 835 2
234 903 1
234 969 1
234 983 1
234 1029 2
234 1272 1
234 2011 1
234 2229 1
234 2445 2
235 866 1
236 704 2
236 1035 1
236 2500 1
238 353 1
238 696 1
238 835 1
238 840 1
238 1271 1
238 1272 1
238 2179 1
238 2229 1
238 2282 1
238 2445 2
238 2546 1
239 1607 1
240 404 1
240 671 1
240 1191 1
240 1579 5
240 1919 1
240 2524 1
240 2535 1
240 2593 1
241 353 1
241 584 1
241 800 1
241 896 1
241 915 1
241 1236 1
241 2075 2
241 2546 2
241 2685 2
242 2462 1
243 939 1
243 1854 2
243 2259 1
244 876 1
244 1281 1
244 1488 1
244 1657 3
244 1777 1
244 1900 1
244 2005 1
244 2427 1
244 2574 3
244 2592 1
245 751 1
245 1535 1
245 2552 1
246 1353 2
246 1573 1
247 1185 1
248 547 1
248 2112 1
249 1352 1
249 1594 1
249 2111 1
250 1855 1
250 2073 1
250 2715 1
251 1413 1
251 2290 1
252 310 1
253 340 1
253 669 1
254 556 1
255 978 1
255 1868 1
256 2354 1
257 966 1
257 1295 1
257 1736 1
257 1745 1
258 788 1
258 2506 1
259 1619 1
259 2126 2
259 2386 1
260 492 1
261 1024 3
261 1174 3
261 1277 2
262 293 2
262 1247 1
262 1981 1
263 403 1
263 2120 1
264 1450 1
265 920 1
265 1404 1
265 1713 2
265 2396 1
266 484 1
266 2069 1
266 2382 1
267 2220 1
268 1669 1
269 1362 1
269 1837 1
270 518 2
270 640 2
270 976 2
271 439 1
271 890 1
271 1383 1
272 2404 3
273 1131 1
273 1776 1
274 480 1
275 338 1
275 1589 1
275 1859 1
275 2057 1
275 2270 1
275 2434 1
276 960 1
276 1983 1
277 835 1
277 1272 1
277 2011 1
277 2129 1
278 929 1
279 929 1
280 488 1
280 1773 1
281 2496 1
282 1963 1
282 2496 1
282 2597 1
283 769 1
283 2091 1
284 741 1
285 314 1
285 393 3
285 1395 1
285 2188 1
285 2391 1
285 2408 1
285 2653 2
286 850 1
286 856 1
286 1441 1
286 1615 2
286 1910 1
286 2340 2
286 2390 1
287 885 1
288 772 1
288 2196 1
289 357 1
289 431 1
289 589 1
289 676 1
289 1208 1
289 1262 1
289 1810 1
290 568 1
290 2530 1
291 968 1
292 1268 1
293 572 1
293 649 1
293 899 3
293 942 3
293 1229 1
293 1247 1
293 1259 1
293 1602 1
293 1872 1
293 1981 3
294 1033 1
294 1591 1
295 649 1
295 793 1
295 2087 1
297 631 1
297 844 1
297 1585 1
297 1714 1
297 1922 1
297 2361 1
297 2373 1
297 2553 1
297 2555 1
298 783 1
298 1693 1
299 444 2
299 504 1
299 520 1
299 1114 1
299 1272 1
299 1457 1
299 1835 1
299 2075 1
299 2214 1
299 2318 1
299 2445 1
299 2521 1
299 2683 1
300 1689 1
300 1908 1
301 773 1
301 1973 1
302 621 1
302 1804 1
302 2217 1
303 825 1
304 864 1
305 1207 1
305 1313 1
305 1617 1
305 1811 1
305 2095 1
305 2288 1
305 2510 1
305 2586 1
306 1692 1
307 432 1
307 457 1
308 1615 1
308 2207 1
309 1686 1
310 1089 1
310 1158 1
310 2217 2
311 598 1
312 454 1
312 455 1
312 488 2
312 1773 1
312 2183 1
312 2244 1
313 1752 1
314 393 1
314 2408 1
315 1584 1
315 1751 1
316 445 1
316 2144 1
317 319 1
317 1063 1
317 1289 1
317 1925 1
318 458 1
318 634 1
318 1198 1
319 1063 1
319 1289 1
319 1925 1
320 740 1
320 1614 1
320 1899 1
321 789 2
322 392 1
322 820 1
322 1329 1
322 2162 1
323 743 1
323 1837 1
324 535 1
325 1423 1
326 430 1
326 473 2
327 426 1
327 1054 2
327 2711 1
328 526 1
328 596 1
328 1053 1
328 1949 1
329 1439 1
330 1687 1
330 1995 1
331 485 1
331 733 1
331 1249 1
331 1269 1
331 1550 1
332 917 1
333 1991 1
334 1418 1
334 1557 1
334 2582 1
335 1391 1
336 570 3
336 715 1
336 758 1
336 1790 1
336 1819 1
336 1828 2
336 1837 1
336 2355 1
336 2478 1
336 2507 1
337 1595 1
338 1589 1
338 1859 1
338 2057 1
338 2270 1
338 2434 1
339 1520 1
339 2192 1
340 669 1
341 876 1
342 1102 1
343 413 2
343 716 2
344 549 1
344 1878 1
344 2032 1
345 673 1
346 1517 1
346 1876 1
347 1285 1
347 2111 1
348 1658 1
349 1348 4
350 934 1
350 1082 1
351 1082 1
352 558 1
352 727 1
352 1503 1
352 2331 1
352 2469 1
353 584 1
353 896 1
353 1600 1
353 1837 1
353 1845 1
353 2075 3
353 2445 5
353 2546 5
354 1447 1
354 1832 1
354 1898 1
355 1988 1
356 1239 1
356 1836 1
356 2342 1
356 2513 1
357 589 1
357 761 1
357 905 1
357 994 1
357 1208 1
357 1478 1
357 2065 1
358 748 2
358 1492 2
358 1654 1
358 1999 2
358 2382 4
358 2532 1
358 2644 1
359 774 1
359 799 1
360 1569 1
361 362 2
361 732 2
361 1288 2
361 1525 1
361 2305 2
362 653 1
362 658 1
362 732 2
362 1288 6
362 1525 1
362 1616 1
362 2305 6
363 2496 1
364 776 1
365 1108 1
366 1048 1
367 618 1
367 1020 1
367 1094 1
367 1352 1
367 1594 1
368 1633 1
369 2142 1
370 1712 1
371 659 1
371 1028 1
371 1308 1
371 1822 1
371 2610 1
372 388 2
372 1227 1
373 428 1
373 1029 1
374 871 1
375 2096 1
375 2182 1
376 1079 1
376 1943 1
376 2277 1
378 394 1
378 460 1
378 530 1
378 974 1
378 1363 1
378 1599 1
378 2443 1
379 774 2
380 2276 1
380 2280 1
381 1284 1
382 2637 2
382 2674 1
383 2016 1
383 2336 1
383 2599 1
385 574 1
385 1412 1
386 437 1
386 1539 1
387 1173 1
387 1201 1
387 2184 1
388 1227 1
389 873 1
389 1557 1
389 2217 1
390 1155 1
390 1197 1
390 1211 1
390 1399 1
391 846 1
391 850 1
391 951 1
391 1615 2
391 1910 1
391 1971 1
392 820 1
392 1329 1
392 2162 1
392 2625 1
392 2673 2
393 1395 1
393 2408 1
393 2653 2
394 460 1
394 530 1
394 974 1
394 1363 1
394 1599 1
394 2443 1
395 1477 1
395 2120 1
396 432 1
396 732 1
396 964 1
397 2200 1
397 2268 1
398 816 1
398 2194 1
399 1349 1
399 1627 1
399 1691 1
399 1818 1
399 2111 2
400 2287 1
401 518 1
401 875 1
401 1028 2
401 1488 1
401 1543 1
401 2498 1
402 1999 1
403 1865 1
403 2120 2
404 671 3
404 1191 1
404 1579 3
404 1853 1
404 1919 1
404 1998 1
404 2593 1
405 2056 1
405 2187 1
406 721 1
406 942 1
406 1066 1
406 1230 1
406 2188 2
406 2359 1
407 521 1
407 822 1
407 984 1
407 1597 2
407 2587 1
408 1489 1
409 417 1
409 579 1
409 611 2
409 1436 1
409 1620 2
409 1953 1
410 467 1
410 557 1
410 2056 1
412 513 1
413 716 2
414 562 1
414 1360 1
415 553 1
416 738 1
416 2188 1
417 579 1
417 1436 1
417 1446 1
417 1620 1
418 2511 1
419 564 1
419 1260 1
419 1384 1
419 1795 1
419 1880 1
419 2007 1
419 2146 1
419 2151 2
419 2199 1
419 2231 1
420 1800 1
421 1568 1
422 581 1
422 1012 1
422 1805 1
422 1916 1
422 2102 1
422 2164 1
423 470 1
423 1660 1
423 2164 1
423 2638 1
424 1866 1
425 732 1
425 2079 1
425 2330 1
425 2712 1
426 1054 1
426 2711 1
427 1625 1
427 2563 1
428 504 1
428 840 1
428 1029 2
428 1561 2
428 2229 1
428 2445 1
429 785 1
430 473 1
431 676 1
431 1262 1
431 1810 1
432 457 2
432 482 1
432 732 1
432 964 1
432 1511 1
432 1538 1
432 1741 1
432 1836 1
432 2211 1
432 2417 1
432 2550 1
433 2651 4
434 1075 1
434 1400 1
434 2111 1
434 2399 1
434 2544 1
435 471 2
435 777 1
435 2397 3
436 2202 1
437 516 2
437 682 1
437 801 1
437 1336 1
437 1539 1
437 1606 1
437 1699 2
437 2045 1
438 682 2
441 494 1
441 730 1
441 1095 1
441 1139 1
441 1650 1
441 2133 1
441 2187 5
441 2382 1
442 1031 1
442 2142 1
443 1499 1
443 2364 1
445 474 1
445 584 1
445 1095 4
445 1361 1
445 1834 1
445 2144 9
445 2471 1
445 2512 1
447 857 2
447 987 1
448 660 1
448 1719 3
448 2078 1
448 2578 2
449 1621 1
449 2266 1
450 686 1
450 1917 1
451 504 1
451 1785 1
451 2179 2
452 2108 1
452 2519 1
452 2600 1
453 537 2
453 1602 3
454 488 1
454 1773 1
455 488 1
455 2183 1
455 2244 1
456 1452 1
456 2134 1
458 634 1
458 1198 1
459 803 1
459 2353 1
460 530 1
460 974 1
460 1363 1
460 1599 1
460 2443 1
461 864 1
461 1216 1
461 1426 1
461 1569 2
461 1815 1
461 2038 1
462 1624 1
462 1829 1
463 597 1
463 651 2
463 677 1
463 1797 4
463 1884 1
463 2344 1
463 2472 1
464 1759 1
465 2071 1
465 2242 1
466 732 1
466 1596 2
466 2305 1
467 1113 1
467 1353 1
467 1473 1
467 2056 1
468 1994 1
468 2056 1
469 1937 1
469 2382 1
470 1660 1
471 777 1
471 2397 2
472 491 1
472 665 1
472 680 1
472 770 1
472 812 1
472 834 1
472 929 3
472 1087 3
472 1088 2
472 1330 2
472 1365 1
472 1565 2
472 1587 1
472 1686 1
472 1851 2
472 1923 1
472 1934 1
472 2017 1
472 2081 1
472 2111 3
472 2188 2
472 2230 1
472 2645 1
472 2646 1
472 2666 2
473 654 1
473 1188 1
475 1018 1
475 2472 3
476 485 1
476 1508 2
477 813 1
477 2293 1
478 1490 1
478 2439 1
479 538 2
479 710 2
479 1671 3
479 1948 1
479 2208 1
480 538 1
480 1575 1
480 1846 1
480 2494 1
480 2714 1
481 1141 1
482 1203 2
483 487 1
483 1220 1
483 1864 1
484 604 1
484 1319 1
484 1933 1
484 2069 1
484 2382 1
484 2504 1
485 1508 1
486 2353 1
487 1220 1
487 1864 2
488 948 1
488 962 1
488 1174 1
488 1488 1
488 1588 1
488 1773 3
488 2183 1
488 2244 1
489 2654 1
490 1245 1
490 1471 1
491 2017 1
492 1254 1
492 1445 1
492 2436 1
492 2692 1
493 1851 1
493 2111 1
494 1419 1
494 2133 1
494 2187 3
495 1732 1
495 1744 1
495 2469 1
495 2710 1
496 539 1
496 1011 1
496 1202 1
496 1355 1
496 1488 1
497 2110 1
497 2370 1
497 2373 1
498 615 1
498 1084 2
498 2196 1
498 2664 1
500 1556 2
501 559 1
501 1255 1
501 1851 3
502 681 1
502 1206 1
502 1835 1
503 1475 1
504 703 1
504 785 2
504 835 1
504 903 2
504 969 2
504 983 2
504 1029 3
504 1272 5
504 1386 1
504 1457 1
504 2094 1
504 2179 2
504 2229 2
504 2445 1
504 2464 1
504 2581 2
505 992 1
505 2559 1
506 712 1
506 1781 1
507 580 1
507 1497 1
508 2348 1
509 2549 1
510 711 1
512 1814 1
514 1036 1
514 1256 1
514 1369 1
514 2500 2
514 2547 2
514 2678 1
515 1192 1
515 2260 1
516 709 1
516 1606 1
516 1762 1
517 821 1
517 888 1
517 2180 1
517 2669 1
518 640 3
518 875 1
518 976 3
518 1488 1
518 1543 1
519 630 1
519 1118 1
519 2010 1
520 1114 1
520 2214 1
520 2445 1
521 822 1
521 1596 1
521 1597 1
521 2466 1
521 2587 1
522 2438 1
523 809 1
523 1497 1
523 2580 1
524 828 2
524 1793 1
525 991 1
525 1927 1
526 596 1
526 1053 1
526 1949 1
527 1034 1
528 578 1
528 841 1
528 1593 1
528 2111 1
529 2126 1
530 974 1
530 1363 1
530 1599 1
530 2443 1
531 2213 1
532 699 2
532 2119 1
532 2131 1
532 2163 1
532 2185 1
532 2604 1
533 2284 1
534 1755 1
534 1897 1
534 2320 1
534 2377 2
534 2663 1
536 1117 1
536 2314 1
536 2430 1
537 1602 2
538 678 1
538 710 1
538 753 1
538 1671 1
538 2457 1
538 2494 1
538 2714 1
539 1011 1
539 1174 3
539 1202 1
539 1355 1
539 2283 1
539 2297 1
540 909 1
540 2075 1
540 2282 1
541 1366 1
541 1590 1
542 2113 1
542 2596 1
545 1277 1
545 1383 1
546 1909 1
547 1149 1
547 1582 1
547 1635 1
547 1703 1
547 1706 1
547 1982 1
547 2030 1
547 2111 1
547 2112 2
547 2333 1
547 2424 1
547 2426 1
547 2624 1
547 2642 1
548 1608 1
548 1765 1
549 1878 1
549 2032 1
550 1354 1
550 1942 1
551 835 1
551 1138 1
551 1170 1
551 1345 1
551 1440 1
551 1455 1
551 1627 1
551 1807 3
551 1861 1
552 963 1
553 2056 1
553 2179 1
554 893 1
554 1408 1
554 2006 1
555 2469 1
557 900 1
558 701 1
558 727 1
558 1503 1
558 1628 1
558 2331 1
558 2469 1
559 1851 1
560 1791 1
560 2343 1
561 2384 1
562 1360 1
563 1572 1
563 2360 1
564 2146 1
565 1247 1
565 2304 1
566 836 1
567 603 1
568 756 1
568 928 1
568 963 2
568 1012 3
568 1402 1
568 1999 2
568 2227 2
568 2250 1
568 2530 1
568 2625 1
569 1615 1
570 1828 2
572 1229 1
572 2349 1
572 2407 2
572 2540 1
574 1412 1
575 1222 1
575 1362 1
575 1899 1
575 2075 1
575 2388 1
575 2546 1
575 2691 1
576 1531 1
577 623 1
577 1321 1
578 841 2
578 1253 1
578 1593 1
578 2111 2
578 2472 1
579 1436 1
579 1620 1
580 643 1
580 754 1
580 1497 1
580 2247 1
580 2382 1
581 1916 1
581 2102 1
582 2606 1
583 683 1
583 1185 1
583 1367 1
584 1095 1
584 1311 1
584 1676 1
584 1776 1
584 2075 1
584 2144 1
584 2445 1
584 2546 3
584 2685 1
585 849 1
586 1202 1
587 1907 1
587 2168 1
588 2397 1
589 1208 1
590 1974 1
591 1397 1
592 2389 1
593 1693 1
593 2085 1
594 918 1
594 1161 1
594 1720 1
594 1929 1
595 1311 1
595 1676 1
595 2214 1
595 2473 1
595 2546 1
596 1053 1
596 1949 1
597 1797 1
597 2072 1
598 722 1
598 814 1
598 1322 1
598 1599 1
598 2328 1
598 2355 1
598 2443 2
599 2099 1
599 2560 1
600 1422 1
601 1834 1
602 1275 1
604 1319 1
605 1376 1
606 1081 1
606 1671 1
606 1947 1
607 1137 1
607 2080 1
607 2651 1
608 1360 1
608 2111 1
609 712 1
609 1781 1
609 2583 1
610 1804 1
610 1840 1
611 1953 1
612 1596 1
612 2195 1
613 1250 2
613 2269 1
614 1986 1
615 1084 1
616 1516 1
616 1847 1
617 1411 1
618 1020 1
618 1094 1
618 1352 1
618 1594 1
619 625 1
620 2381 1
621 1804 1
621 2217 1
622 1433 1
623 1321 1
624 2563 1
626 929 1
627 1001 1
627 1167 1
628 1748 1
628 1988 1
630 1118 1
630 2010 1
631 844 1
631 1585 1
631 1714 1
631 1922 1
631 2361 1
631 2373 1
631 2553 1
631 2555 1
632 746 1
632 2641 1
633 1198 1
634 1198 2
635 1719 1
635 2563 1
636 1360 1
636 1428 1
637 1132 1
637 1870 1
638 927 1
638 1504 1
639 1037 1
639 1264 1
640 976 3
641 857 1
641 2575 1
642 770 1
643 2060 1
643 2382 1
644 1600 1
644 2419 1
644 2649 1
645 1804 1
646 685 1
646 1414 1
646 1598 1
646 1609 1
646 2488 2
646 2625 1
647 2022 1
647 2023 1
647 2635 1
648 912 1
648 2696 1
649 793 1
649 1981 1
649 2087 1
650 1469 1
651 677 1
651 1005 1
651 2344 1
651 2472 2
652 1851 1
652 2111 1
653 1288 1
653 1785 1
653 2305 1
654 1188 1
655 860 1
655 904 1
656 713 1
656 859 1
656 1243 1
657 1135 1
657 1156 2
657 2516 1
658 1616 1
659 1028 3
659 1308 1
659 1822 2
659 2610 1
660 1719 1
660 2078 1
660 2578 1
661 1235 1
661 1241 1
662 946 1
662 1549 1
663 1014 1
663 1889 1
664 1688 1
665 1587 1
666 1404 1
666 1446 1
667 1225 1
667 1491 1
668 774 1
668 1573 1
670 2441 1
670 2475 2
670 2711 1
671 1191 1
671 1579 3
671 1919 1
671 1998 1
671 2593 1
672 2421 1
672 2588 1
674 1842 1
674 2482 1
675 1453 1
676 1262 1
676 1810 1
677 970 1
677 1006 1
677 1314 1
677 1611 1
677 1772 1
677 2299 1
677 2339 1
677 2353 1
677 2395 2
677 2472 2
677 2532 2
677 2573 1
677 2634 1
679 881 1
679 2123 1
679 2134 1
679 2382 1
680 929 1
680 1062 2
680 1098 1
680 1383 1
681 1026 1
681 1062 2
681 1098 2
681 1178 1
681 1206 2
681 1576 1
681 1586 1
681 1775 1
681 1813 1
681 1983 1
683 1185 1
683 1367 1
683 1766 1
683 2187 1
683 2204 1
683 2382 1
684 2075 1
684 2214 1
685 2488 1
686 1917 1
687 1066 1
688 1117 1
688 2314 1
688 2337 1
688 2430 1
689 1413 1
689 2143 1
690 745 1
690 2402 1
691 2633 1
692 1174 1
692 1512 1
692 2542 1
693 2212 1
694 929 2
694 1272 1
695 2470 1
697 2359 1
698 1164 1
698 1166 1
698 1339 1
698 2487 1
698 2608 1
699 2119 1
699 2131 1
699 2163 1
699 2604 1
700 1068 1
700 1204 1
701 1628 1
702 1082 1
703 785 1
703 835 1
703 903 1
703 969 1
703 983 1
703 1029 1
704 1035 1
704 2500 1
705 1276 1
706 2382 2
707 2371 1
708 1032 1
708 2530 2
708 2538 1
709 1762 1
710 1671 2
711 743 1
711 1406 1
711 1799 1
711 1996 1
712 1781 3
712 2583 1
713 859 1
713 1243 1
713 1786 1
713 1812 1
713 2251 1
713 2303 1
714 1850 1
716 2505 1
717 1434 1
718 1533 1
718 1893 1
718 1970 1
718 2617 1
719 988 1
719 1129 2
719 2205 1
719 2440 3
719 2485 1
720 1058 1
720 1122 1
720 1447 1
720 1821 1
721 929 3
721 1055 1
721 1066 6
721 1642 1
721 1899 5
721 1983 1
721 2048 1
721 2219 1
721 2351 1
721 2425 1
721 2588 2
722 814 1
723 1066 1
723 1240 1
724 1608 2
725 2089 1
725 2248 1
726 1890 1
726 1926 1
726 2418 1
727 1503 1
727 2331 1
727 2469 1
728 2081 1
729 2609 1
730 1650 1
730 2382 1
731 1416 1
732 781 1
732 802 1
732 955 1
732 964 4
732 1028 1
732 1052 1
732 1288 2
732 1291 1
732 1338 1
732 1468 1
732 1525 1
732 2079 1
732 2305 3
732 2330 1
732 2379 1
732 2712 1
733 1269 1
734 1270 1
734 1394 1
734 2197 1
734 2518 1
735 1303 1
735 1310 1
736 1557 1
736 2433 1
738 2188 1
739 963 1
739 2236 1
740 1614 1
740 1899 1
742 1077 1
743 1837 1
745 2402 1
746 2641 1
747 771 1
747 931 1
747 1312 2
747 1820 2
747 1839 1
747 2114 1
747 2703 2
748 1654 1
748 2382 2
748 2532 1
748 2644 1
749 1535 1
750 864 1
750 905 1
750 1622 1
750 1763 1
750 1778 1
750 1915 1
751 1535 1
751 2552 1
752 1722 1
753 2457 1
753 2585 1
755 833 1
755 1060 1
756 1012 1
757 1371 1
757 1557 4
757 1753 2
757 1892 6
757 2651 1
758 1819 1
758 2355 1
758 2478 1
759 1785 1
760 2563 1
761 905 1
761 2065 1
762 2675 1
763 1046 1
763 1357 1
763 2111 1
763 2650 1
764 858 1
764 1287 1
764 1427 1
764 1453 1
765 1265 1
765 2111 1
766 2214 1
766 2445 1
767 1117 1
768 1804 1
768 2240 1
769 2091 1
771 931 1
771 1312 1
771 1820 1
771 1839 1
771 2114 1
771 2703 1
772 1518 1
772 2561 1
773 1973 1
774 799 2
774 882 1
774 925 1
774 1529 2
774 1573 1
774 2217 1
774 2249 1
775 1972 2
775 2465 2
777 1334 1
777 1827 1
777 1987 1
777 2373 3
777 2397 1
778 1939 1
779 1437 1
779 1484 1
779 2198 1
780 963 1
782 1833 1
783 910 8
783 1144 1
783 1693 3
783 2144 1
783 2571 1
784 2556 1
785 835 1
785 903 2
785 969 1
785 983 1
785 1029 1
785 1042 1
785 1283 1
785 1386 1
785 1679 1
785 2046 1
785 2094 1
785 2179 1
785 2414 1
786 2572 1
787 1508 1
788 2506 1
789 2706 1
790 808 1
790 1990 1
790 2291 1
791 908 1
791 1377 1
792 1356 1
792 1573 1
793 1573 1
793 2087 1
794 1593 1
794 1686 1
794 1851 1
794 2111 2
794 2666 1
795 1594 1
795 2111 1
796 1124 1
796 1540 1
796 2288 1
797 1768 1
800 2075 1
800 2546 1
800 2685 1
801 1336 1
802 1468 1
803 1066 1
803 1128 1
803 2281 1
803 2294 1
803 2353 7
804 940 1
804 2092 1
804 2404 1
805 1059 1
805 1115 1
805 1596 1
805 2587 1
806 1597 1
806 1896 1
807 2154 1
807 2648 1
808 1990 1
808 2291 1
808 2569 1
809 1250 1
809 1497 1
810 1664 1
810 2697 1
811 1980 1
812 834 1
812 968 1
812 2230 2
812 2532 1
813 2293 2
813 2429 1
815 1663 1
816 2194 1
817 929 1
817 2358 1
819 1164 1
819 1166 1
819 2487 1
819 2501 1
820 1329 1
820 2162 1
821 888 1
821 2180 1
821 2669 1
822 1597 1
822 2587 1
823 1185 2
823 1766 1
823 2341 1
824 870 1
824 2028 1
826 2394 1
828 1793 1
829 1176 1
829 1603 1
830 1381 1
832 2397 1
833 1060 1
834 2230 1
835 903 2
835 969 1
835 983 1
835 1029 1
835 1272 1
835 1524 1
835 1627 1
835 1679 1
835 1807 1
835 2011 1
835 2061 1
835 2129 1
835 2229 2
835 2445 2
835 2533 1
837 1242 1
838 1157 1
838 2382 1
838 2406 1
839 1427 2
840 1272 1
840 1561 1
840 2179 1
840 2488 1
841 1253 1
841 1593 1
841 2111 2
841 2472 1
842 2465 1
843 2490 1
844 1585 1
844 1714 1
844 1922 1
844 2361 1
844 2373 1
844 2553 1
844 2555 1
845 2124 3
845 2609 2
846 951 1
846 1615 1
846 1971 1
847 2578 1
848 867 1
848 1070 1
848 1702 1
848 2467 1
850 856 1
850 1615 3
850 1910 2
850 2340 2
851 1403 1
851 1881 1
852 1913 1
853 1117 1
853 2588 1
854 1218 1
854 2488 1
855 1761 1
855 2252 1
855 2365 1
855 2704 1
856 1147 1
856 1279 1
856 1615 1
856 1910 1
856 2340 1
857 987 1
857 1300 1
857 2575 2
858 1427 1
859 1243 1
861 2693 1
862 945 2
862 1162 1
862 1253 1
862 1784 1
862 1789 1
862 1899 1
862 2295 1
862 2578 1
863 1614 1
863 2570 1
864 1216 1
864 1426 1
864 1652 1
864 1815 1
864 1858 1
864 2038 1
865 1980 1
865 2694 1
867 1070 1
867 1702 1
867 2467 1
868 1116 1
868 1602 1
868 2690 1
869 1169 1
870 2028 1
871 962 1
871 975 1
871 1174 2
871 1355 1
871 1375 2
871 1461 1
871 1864 1
871 1869 1
871 2197 1
872 1174 1
873 1557 1
873 2217 1
874 1175 1
875 1174 1
875 1209 1
875 1488 1
875 1543 2
876 2070 1
877 1084 2
877 2052 1
877 2288 2
877 2510 1
877 2586 1
878 1039 1
878 1722 2
878 1978 2
878 2011 1
878 2173 1
878 2179 1
878 2374 4
878 2688 3
879 2506 1
880 1224 1
881 1026 1
881 1121 1
881 1719 1
881 2056 1
882 2249 1
883 2300 2
884 1895 1
884 2665 1
886 2210 1
886 2385 1
886 2405 1
886 2576 1
887 2075 1
887 2340 1
888 1675 1
888 2180 1
888 2669 1
889 2359 1
890 1383 1
891 1219 1
892 1041 1
892 1567 1
892 2014 1
893 1408 1
893 2006 1
894 2067 1
895 971 1
897 2283 1
898 1837 1
898 1845 1
898 2118 1
898 2461 1
899 1872 1
900 1160 1
900 2505 1
901 2571 1
902 1785 1
902 2335 1
902 2531 1
902 2689 1
903 969 2
903 983 2
903 1029 2
903 1042 1
903 1272 2
903 1283 1
903 1679 1
903 2061 1
903 2533 1
905 1778 1
905 2065 1
906 1856 1
906 2288 1
906 2586 1
907 2594 1
908 1377 1
909 2075 1
909 2282 1
910 1144 1
910 1266 1
910 1693 2
910 2105 1
910 2144 1
910 2571 2
911 2505 1
912 2696 1
913 1086 1
913 2625 1
914 1392 1
914 1608 1
916 1627 1
917 1593 1
918 1161 1
918 1208 3
918 1330 1
918 1720 1
918 1929 1
918 2053 1
918 2098 2
918 2368 1
918 2605 1
919 2148 2
919 2530 1
919 2532 1
919 2702 1
920 2396 1
921 1330 1
921 2440 1
922 2557 2
922 2700 1
923 961 1
923 1101 1
923 1496 1
923 1942 1
924 1394 1
924 2516 1
925 1174 1
927 1504 1
927 2488 1
928 1012 1
928 2625 1
929 1066 1
929 1244 1
929 1272 1
929 1472 1
929 1477 1
929 1558 1
929 1596 1
929 1642 1
929 1686 2
929 1729 1
929 1739 1
929 1923 4
929 1983 2
929 2026 1
929 2049 1
929 2351 1
929 2352 1
929 2358 1
929 2425 1
929 2536 3
929 2563 2
929 2613 1
929 2666 5
930 958 1
930 1066 1
930 1117 3
930 1153 1
930 2448 3
931 1312 1
931 1820 1
931 1839 1
931 2114 1
931 2703 1
932 1578 1
932 2447 1
933 1225 1
933 1398 1
934 1082 1
935 1410 2
935 2310 2
936 1136 1
936 1919 1
936 1947 1
936 1948 1
937 1597 2
937 1693 2
937 2067 3
938 2278 1
938 2436 1
939 2259 1
940 2092 1
940 2404 1
941 2404 2
942 1061 1
942 1066 1
942 1872 1
943 1674 1
944 985 1
944 2289 1
945 1899 1
945 2578 1
946 1549 1
947 2404 1
948 1773 1
949 2404 1
950 1969 1
950 2404 1
951 1615 1
951 1971 1
952 1092 1
952 1174 1
953 1183 1
954 1261 1
954 1804 1
955 998 1
955 1338 1
955 2379 1
956 1297 1
956 2400 1
957 1436 1
958 1117 1
958 1153 1
958 2448 1
959 1258 1
960 1233 1
960 1330 1
960 1928 1
960 1983 1
960 2123 1
961 1101 1
961 1496 1
961 1942 1
962 975 1
962 1174 4
962 1270 1
962 1375 1
962 1573 1
962 1588 1
962 2155 1
963 1317 2
963 1492 1
963 1629 1
963 1912 1
963 1999 5
963 2018 1
963 2174 1
963 2227 2
963 2432 1
963 2445 1
964 998 1
964 1028 1
964 1052 1
964 1291 1
964 1370 1
965 1298 1
966 1295 1
966 1736 1
966 1745 1
967 1066 1
968 2188 1
968 2230 1
969 983 3
969 1029 2
969 1272 1
969 2094 1
970 1314 1
972 1003 2
972 1004 1
972 1702 1
973 1902 1
974 1363 1
974 1599 1
974 2443 1
975 1174 1
975 1375 1
977 1220 1
977 1864 1
978 1868 1
979 2496 1
980 2046 1
981 1200 1
981 1645 1
982 1348 2
983 1029 2
983 1272 1
983 1442 1
983 2094 1
984 1597 1
985 1998 1
985 2289 1
985 2528 1
986 1340 1
986 2117 1
988 2205 1
989 1368 1
989 1946 1
989 2340 1
990 2152 1
992 2559 1
993 1015 1
993 1075 1
993 1285 1
993 1400 1
993 1480 1
993 2111 1
994 1478 1
995 1837 2
996 1003 1
997 1018 1
998 1370 1
999 1174 1
999 1375 1
999 1488 1
1000 1550 1
1000 2500 1
1001 1167 1
1002 1324 1
1002 1389 1
1002 1449 1
1002 2064 1
1003 1702 2
1005 2472 1
1006 2299 1
1006 2573 1
1007 1464 1
1007 1552 1
1008 1641 1
1008 2054 1
1009 1635 1
1009 2334 2
1010 1246 1
1010 1857 1
1010 2174 1
1011 1174 1
1011 1202 2
1011 1355 1
1012 2164 1
1012 2625 1
1013 1117 1
1013 1551 1
1013 1705 1
1015 1075 1
1015 1285 1
1015 1400 1
1015 1480 1
1015 2111 1
1016 2187 1
1017 1683 1
1017 2175 1
1017 2176 1
1018 2472 2
1019 1121 1
1019 1272 1
1019 1278 1
1019 2049 1
1019 2145 1
1019 2188 1
1019 2286 1
1020 1094 1
1020 1352 1
1020 1594 1
1021 1194 1
1021 1196 1
1021 1701 1
1021 2156 1
1021 2623 1
1022 2044 1
1023 2510 1
1024 1174 3
1024 1277 2
1025 1467 1
1025 1581 1
1025 1631 1
1026 1045 1
1026 1066 6
1026 1266 1
1026 1491 1
1026 1566 1
1026 1576 1
1026 1775 1
1026 2048 1
1026 2174 1
1026 2188 3
1026 2256 1
1026 2267 2
1026 2321 3
1026 2489 2
1026 2573 2
1027 1257 1
1027 2061 1
1028 1291 2
1028 1308 1
1028 1822 2
1028 2498 2
1028 2610 1
1029 1272 1
1029 2011 1
1029 2229 1
1029 2445 1
1030 1615 1
1032 1359 1
1032 1959 1
1032 1996 1
1032 2530 1
1033 1591 1
1034 1066 3
1035 2500 1
1036 1256 1
1036 1369 1
1036 1483 1
1036 1731 1
1036 2020 1
1036 2066 1
1036 2203 1
1036 2348 1
1036 2488 2
1036 2595 1
1037 1264 1
1038 1520 1
1040 1285 1
1041 1284 1
1041 1567 1
1041 2014 1
1041 2160 1
1042 1283 1
1043 1427 1
1043 2144 1
1043 2225 1
1044 1346 1
1044 1373 1
1044 1497 2
1044 2650 1
1044 2668 1
1045 1491 1
1045 1560 1
1045 1797 3
1046 2111 1
1046 2650 1
1047 1263 1
1047 1415 1
1049 1380 2
1049 1868 1
1050 1491 1
1051 1324 1
1051 2672 1
1053 1949 1
1054 2711 1
1056 2086 1
1057 1580 1
1058 1122 1
1058 1151 1
1058 1447 1
1058 1579 1
1058 1821 1
1058 2518 1
1059 1115 1
1059 1596 1
1059 2587 1
1061 1570 1
1062 1098 2
1063 1289 1
1063 1925 1
1064 2472 1
1066 1109 1
1066 1117 1
1066 1146 1
1066 1240 2
1066 1266 1
1066 1333 1
1066 1474 1
1066 1491 3
1066 1665 1
1066 1666 5
1066 1668 1
1066 1872 1
1066 2001 2
1066 2009 1
1066 2042 1
1066 2048 5
1066 2188 3
1066 2353 1
1066 2386 1
1066 2448 1
1066 2489 1
1066 2532 1
1066 2588 2
1066 2611 2
1066 2613 1
1066 2684 1
1066 2709 1
1067 2572 1
1068 1204 1
1069 1930 1
1069 1968 1
1069 1989 1
1070 1702 1
1070 2467 1
1071 2452 1
1071 2495 1
1072 1608 1
1073 2515 1
1074 1785 1
1075 1285 1
1075 1400 4
1075 1480 1
1075 2111 4
1075 2399 1
1075 2544 1
1076 1646 1
1078 1610 1
1078 2007 3
1078 2463 2
1079 1943 1
1080 1081 1
1081 1671 1
1082 2363 1
1083 1583 1
1083 1637 1
1083 1701 1
1083 2156 1
1083 2623 1
1084 1721 1
1084 1988 2
1084 2052 1
1084 2196 3
1085 1613 1
1087 1666 1
1087 2068 1
1089 1158 1
1089 2217 1
1090 1290 2
1092 1174 2
1092 1669 1
1092 1993 1
1092 2088 1
1092 2224 1
1093 1984 1
1094 1352 1
1094 1594 1
1095 2144 4
1095 2187 1
1096 2460 1
1097 1697 1
1099 2150 1
1100 1140 1
1100 1272 1
1100 1863 1
1100 2229 1
1101 1496 1
1101 1942 1
1102 1299 1
1103 1951 1
1104 1143 1
1104 1299 1
1104 1980 1
1104 2122 1
1104 2557 2
1105 2144 1
1106 1980 1
1106 2121 1
1107 1320 1
1109 2001 1
1109 2611 1
1110 2177 2
1110 2239 2
1111 2055 1
1111 2356 1
1112 1117 1
1114 2214 1
1114 2445 1
1115 1596 1
1115 2587 1
1116 1494 1
1116 1602 4
1116 1901 1
1116 2241 1
1116 2416 2
1116 2690 2
1117 1153 1
1117 1181 1
1117 1551 1
1117 1705 1
1117 2314 2
1117 2430 2
1117 2448 4
1117 2484 1
1117 2588 1
1118 2010 1
1119 2528 1
1120 1486 1
1120 2387 1
1121 1350 1
1121 1353 1
1121 1422 1
1121 1665 1
1121 1719 1
1121 1726 1
1121 1727 1
1121 2048 1
1121 2056 1
1121 2145 1
1121 2188 4
1121 2286 1
1121 2490 1
1122 1309 1
1122 1447 1
1122 1821 1
1122 1998 2
1122 2016 1
1123 2306 1
1124 1540 1
1124 2141 1
1124 2288 3
1125 1212 1
1125 1344 1
1125 2662 1
1126 1530 1
1126 2296 1
1127 1286 1
1128 2294 1
1128 2353 1
1129 2440 2
1129 2485 1
1130 2686 1
1131 1776 1
1132 1870 1
1133 1882 1
1133 2350 1
1134 1430 1
1135 1156 1
1136 1947 1
1137 1359 1
1137 1388 1
1137 1844 1
1137 2080 1
1137 2651 1
1138 1345 2
1138 1440 1
1138 1443 1
1138 1455 2
1138 1807 1
1139 2187 1
1140 1863 1
1142 1248 1
1142 1572 1
1142 2360 1
1143 1980 1
1143 2122 1
1143 2557 1
1144 2144 1
1145 1288 1
1146 1666 1
1146 2042 1
1147 1279 1
1148 1623 1
1148 1648 1
1148 1831 1
1149 2030 1
1149 2426 1
1150 1738 1
1151 1579 1
1151 2518 1
1152 1555 1
1152 1644 1
1153 2448 1
1154 1693 1
1155 1197 1
1155 1211 1
1155 1399 1
1156 1834 1
1156 2516 1
1157 2382 1
1157 2406 1
1158 2217 1
1159 1702 1
1160 2215 1
1160 2505 2
1160 2571 1
1161 1720 1
1161 1929 1
1162 2295 1
1163 1358 1
1163 1547 1
1163 2257 1
1164 1166 2
1164 1339 1
1164 2487 2
1164 2501 1
1164 2608 1
1165 1420 2
1166 1339 1
1166 2487 2
1166 2501 1
1166 2608 1
1168 1186 1
1168 2347 1
1170 1807 1
1170 1861 1
1171 1214 1
1171 1484 1
1171 2198 1
1172 1973 1
1172 1998 1
1173 1201 1
1173 2184 1
1174 1202 1
1174 1209 1
1174 1270 1
1174 1277 2
1174 1355 1
1174 1375 3
1174 1424 3
1174 1461 2
1174 1488 1
1174 1500 1
1174 1512 1
1174 1543 1
1174 1573 1
1174 1588 1
1174 1669 2
1174 1707 1
1174 1993 1
1174 2040 1
1174 2088 2
1174 2197 1
1174 2273 1
1174 2274 2
1174 2297 1
1174 2432 1
1174 2497 1
1174 2542 1
1174 2667 1
1174 2701 1
1176 1603 1
1177 1334 2
1178 1813 1
1179 1304 1
1179 1602 1
1179 1781 1
1180 1579 1
1181 2448 1
1181 2484 1
1182 2242 1
1184 1841 1
1185 1367 1
1185 1665 1
1185 1722 1
1185 1766 3
1185 1950 1
1185 2106 1
1185 2341 2
1185 2392 1
1185 2591 1
1186 2347 1
1187 1370 1
1187 1749 1
1189 2332 1
1190 2413 1
1191 1579 2
1191 2593 1
1192 2260 1
1193 2588 1
1194 1196 1
1194 1701 1
1194 2156 1
1194 2623 1
1196 1701 1
1196 2156 1
1196 2623 1
1197 1211 1
1197 1399 1
1198 2215 1
1198 2322 1
1198 2571 2
1199 1221 1
1199 1280 1
1199 1634 1
1199 1640 1
1199 1760 1
1199 2620 1
1200 1645 1
1201 2036 1
1201 2184 1
1202 1355 1
1205 1774 1
1207 1313 1
1207 1617 1
1207 1811 1
1207 2095 1
1207 2288 1
1207 2510 1
1207 2586 1
1208 1936 1
1208 2231 1
1208 2368 1
1208 2450 1
1209 1543 1
1211 1399 1
1212 1344 2
1212 2662 1
1213 2193 1
1213 2499 1
1214 1484 1
1214 2198 1
1215 1814 2
1215 1944 2
1216 1426 1
1216 1815 1
1216 2038 1
1216 2514 1
1217 1348 1
1217 2130 1
1220 1864 3
1221 1280 1
1221 1634 1
1221 1640 1
1221 1760 1
1221 2620 1
1222 1362 1
1222 1899 2
1222 2075 1
1222 2388 1
1222 2546 1
1222 2691 1
1223 2082 1
1225 1398 1
1225 1491 1
1226 1697 1
1226 2612 1
1231 1546 1
1231 1974 1
1232 1274 3
1233 1928 1
1233 2123 1
1234 1766 2
1235 1241 1
1236 2075 1
1236 2546 1
1236 2685 1
1237 2708 1
1238 1285 1
1239 1836 1
1239 2342 1
1239 2513 1
1240 2709 1
1245 1471 1
1246 1857 1
1246 2174 1
1247 1981 2
1248 1572 1
1248 2360 1
1249 2144 1
1249 2373 1
1249 2456 1
1250 2269 1
1251 1903 1
1252 1862 1
1252 1879 1
1253 1784 1
1253 2111 1
1253 2472 1
1254 1445 1
1254 2436 1
1255 1851 1
1256 1369 1
1257 2061 1
1259 1602 1
1259 1981 1
1260 2151 1
1261 1804 1
1262 1810 1
1263 1415 1
1265 2111 1
1266 2105 1
1267 1985 1
1267 2346 1
1269 2415 1
1270 1348 1
1270 1394 2
1270 1488 1
1270 1573 1
1270 2005 1
1270 2197 1
1270 2518 3
1272 1278 1
1272 1457 1
1272 2011 1
1272 2049 1
1272 2129 1
1272 2179 3
1272 2229 2
1272 2464 1
1273 1430 1
1273 1921 1
1277 1383 1
1277 1960 1
1277 2123 3
1277 2223 1
1277 2236 2
1278 2049 3
1278 2124 1
1278 2125 1
1278 2167 1
1278 2236 1
1280 1634 1
1280 1640 1
1280 1760 1
1280 2620 1
1282 1648 1
1284 1596 1
1284 2160 1
1285 1320 1
1285 1400 1
1285 1480 1
1285 2111 4
1285 2483 1
1285 2647 1
1287 1453 1
1287 1786 1
1287 2356 1
1288 1348 1
1288 1525 1
1288 2305 6
1289 1925 1
1290 1315 1
1290 1569 2
1290 1724 3
1290 1778 1
1290 2007 1
1290 2078 1
1290 2138 1
1292 1553 1
1292 2216 1
1293 1381 1
1295 1736 1
1295 1745 1
1296 2398 1
1297 2400 1
1301 1302 1
1301 1614 1
1301 1899 1
1301 2226 1
1302 1614 1
1302 1899 1
1302 2226 1
1303 1310 1
1305 1331 1
1305 1459 1
1305 1901 1
1305 2506 1
1306 2323 1
1307 1730 1
1308 1822 1
1308 2610 1
1309 1998 1
1311 1676 2
1311 2546 2
1311 2685 1
1312 1820 2
1312 1839 1
1312 2114 1
1312 2703 3
1313 1617 1
1313 1811 1
1313 2095 1
1313 2288 1
1313 2510 1
1313 2586 1
1315 1569 1
1315 2140 1
1315 2532 1
1315 2702 1
1316 1825 2
1317 1492 1
1317 1999 2
1318 1541 1
1320 1711 2
1320 2027 1
1320 2111 4
1322 2355 1
1323 2590 1
1324 1389 1
1324 1449 1
1324 2064 1
1324 2672 1
1326 2500 1
1327 2589 1
1328 2169 1
1328 2670 1
1328 2680 1
1329 1364 1
1329 2162 1
1330 2053 1
1330 2440 1
1331 1459 1
1331 1901 1
1331 2506 1
1332 1569 1
1333 2684 1
1334 2373 1
1335 2537 1
1335 2603 1
1337 1520 1
1337 2004 1
1338 2379 1
1339 2487 1
1339 2608 1
1340 2117 1
1341 2201 1
1342 1563 1
1342 2298 1
1342 2373 1
1342 2375 1
1342 2525 1
1343 2017 2
1344 2662 1
1345 1440 1
1345 1443 1
1345 1455 2
1345 1807 1
1346 1497 1
1346 2650 1
1347 2447 4
1348 1667 1
1348 2130 1
1348 2186 1
1348 2518 1
1349 2111 2
1349 2472 1
1350 2188 1
1350 2490 1
1351 1510 1
1352 1594 2
1352 2111 1
1353 1473 1
1353 2188 2
1353 2311 1
1354 1942 2
1355 1375 1
1355 1461 1
1355 1544 1
1355 2197 1
1355 2309 1
1356 1573 1
1358 1547 1
1358 2257 1
1358 2496 1
1359 1959 1
1359 1996 1
1359 2530 1
1360 1428 1
1360 2111 1
1361 2144 1
1361 2512 1
1362 1837 1
1362 1899 1
1362 2075 1
1362 2388 1
1362 2546 1
1362 2691 1
1363 1599 1
1363 2443 1
1366 1590 1
1368 2380 1
1369 1438 1
1370 1749 1
1371 1557 2
1371 1753 1
1371 1892 1
1372 1886 1
1374 1471 1
1374 1481 1
1374 1693 1
1374 2063 1
1374 2077 1
1374 2279 1
1375 1461 1
1375 1488 1
1375 2197 1
1378 2523 1
1378 2615 1
1379 2111 1
1379 2454 1
1381 1435 1
1381 1647 4
1381 1723 1
1381 2242 1
1381 2243 1
1381 2653 2
1382 1780 1
1382 1914 1
1383 1530 1
1383 1947 1
1383 2511 1
1385 2527 1
1385 2654 1
1386 2094 1
1387 2149 1
1388 1844 1
1389 1449 1
1389 2064 1
1390 2041 1
1390 2313 1
1392 1955 1
1393 1571 1
1394 1488 1
1394 2005 1
1394 2197 1
1394 2516 1
1394 2518 1
1395 2653 1
1396 1497 2
1400 1480 1
1400 2111 4
1400 2399 1
1400 2544 1
1401 2097 3
1401 2258 1
1401 2657 2
1401 2682 3
1402 2250 1
1403 1881 1
1404 1446 1
1404 1872 1
1405 2157 1
1405 2660 1
1406 1996 1
1407 2085 1
1407 2423 1
1408 2006 1
1409 1719 4
1410 2310 2
1413 1618 1
1413 2143 1
1413 2232 1
1413 2290 1
1414 2488 1
1417 1534 1
1417 2221 1
1417 2442 1
1417 2551 1
1418 1557 1
1418 2582 1
1419 2187 1
1421 1497 1
1421 2158 1
1422 1473 2
1422 1665 1
1422 2019 1
1422 2188 1
1422 2311 1
1424 2273 1
1425 1519 1
1425 2084 1
1425 2413 1
1426 1815 1
1426 2038 1
1427 2144 1
1427 2225 1
1429 2517 1
1429 2545 3
1430 1921 1
1431 2373 1
1432 2007 1
1435 1647 1
1436 1620 1
1436 1698 1
1436 1941 1
1437 1484 1
1437 2198 1
1438 1573 1
1440 1455 1
1440 1807 1
1441 1615 1
1441 2340 1
1441 2390 1
1442 1448 1
1443 1455 1
1444 1522 1
1444 1771 1
1444 2001 1
1444 2166 1
1445 2436 1
1447 1821 1
1447 1832 2
1447 1898 2
1449 2064 1
1451 2522 1
1452 2134 1
1454 2687 1
1455 1807 1
1456 2083 1
1456 2652 1
1458 2035 1
1458 2311 1
1459 1901 1
1459 2506 1
1460 1596 1
1461 2197 1
1461 2497 1
1462 1834 1
1463 1627 1
1463 1756 1
1463 2420 1
1464 1552 1
1465 1643 1
1465 2161 1
1465 2619 1
1466 1704 1
1467 1581 1
1467 1631 1
1470 1601 1
1470 2058 1
1470 2092 1
1470 2404 1
1471 1481 1
1471 1693 1
1471 1860 1
1471 2063 1
1471 2077 1
1471 2279 1
1473 1726 1
1473 2188 1
1473 2311 1
1476 1666 1
1476 1885 1
1476 2147 1
1477 1593 1
1477 1682 1
1477 1690 1
1477 2120 1
1479 1589 1
1480 2111 1
1481 1693 1
1481 2063 1
1481 2077 1
1481 2279 1
1482 1596 1
1482 2216 1
1483 1731 1
1483 2020 1
1483 2066 1
1483 2203 1
1483 2348 1
1483 2488 1
1483 2595 1
1484 2198 2
1485 2075 1
1486 2387 1
1487 1509 1
1487 2493 1
1487 2679 1
1488 1543 1
1488 2005 2
1491 1997 1
1491 2137 1
1492 1999 7
1492 2191 1
1493 2154 1
1494 1602 1
1494 2690 1
1495 1693 1
1495 2076 1
1495 2480 1
1496 1942 3
1496 2422 1
1497 2650 1
1497 2661 1
1497 2668 1
1497 2677 1
1499 2364 1
1500 1713 1
1500 1838 1
1500 1993 2
1501 2217 1
1502 1817 1
1502 1911 1
1502 2442 1
1503 2331 1
1503 2469 1
1505 2074 1
1507 1783 1
1509 2493 1
1509 2679 1
1512 2542 1
1513 1700 1
1513 2059 1
1514 1515 1
1516 1847 1
1517 1876 1
1518 2561 1
1519 1664 1
1519 2084 1
1519 2413 1
1520 2004 1
1520 2192 2
1521 1602 4
1521 1716 1
1521 1901 6
1521 2075 3
1521 2076 1
1521 2214 3
1521 2215 1
1521 2506 1
1521 2546 1
1522 1771 1
1522 2001 1
1522 2166 1
1523 2100 1
1524 2229 1
1525 2305 1
1526 2435 1
1527 2265 1
1527 2376 1
1528 2376 1
1529 2217 1
1529 2671 1
1530 2296 1
1532 2209 1
1533 1893 1
1533 1970 1
1534 2221 1
1534 2442 1
1534 2551 1
1535 2552 1
1536 1605 1
1536 2690 1
1537 1711 1
1540 2288 1
1542 1638 1
1542 2425 1
1542 2509 1
1545 1593 2
1545 1594 1
1545 2567 1
1545 2568 1
1546 1874 1
1546 1974 1
1547 2257 1
1548 1557 1
1550 2373 1
1550 2500 1
1551 1705 1
1553 2216 1
1554 1704 1
1555 1644 1
1557 1753 1
1557 1892 4
1557 2217 1
1557 2411 1
1557 2582 1
1557 2651 1
1558 2536 1
1559 2439 1
1560 1797 1
1560 2132 1
1560 2626 1
1562 1802 1
1562 2311 1
1563 2373 2
1564 2503 1
1565 1686 1
1565 1851 1
1565 2111 2
1567 2014 1
1569 1954 1
1569 2013 1
1569 2433 1
1569 2601 2
1569 2625 1
1569 2632 1
1572 2360 2
1573 1607 1
1573 1653 1
1573 1792 1
1573 2068 1
1574 1626 1
1574 1794 1
1574 1957 1
1575 1846 1
1576 1775 1
1577 1956 1
1578 2447 1
1579 1919 1
1579 1998 1
1579 2518 1
1579 2593 2
1580 2639 1
1581 1631 1
1583 1637 1
1583 1701 1
1583 2156 1
1583 2623 1
1584 1751 1
1585 1714 1
1585 1922 1
1585 2361 1
1585 2373 1
1585 2553 1
1585 2555 1
1589 1859 1
1589 2057 1
1589 2270 1
1589 2434 1
1592 2378 1
1592 2444 1
1592 2458 1
1593 2111 2
1593 2567 1
1594 1656 1
1594 2111 3
1594 2483 1
1594 2568 1
1596 2195 1
1596 2216 2
1596 2246 1
1596 2466 1
1596 2563 1
1596 2587 1
1596 2666 4
1597 1693 1
1597 2587 1
1598 1609 1
1598 2625 1
1599 2328 1
1599 2443 2
1600 1837 1
1600 1845 1
1600 2012 1
1600 2190 1
1600 2369 1
1600 2445 2
1600 2546 1
1601 2058 1
1601 2092 1
1601 2404 1
1602 1716 2
1602 1767 1
1602 1781 1
1602 1901 6
1602 1981 1
1602 2022 1
1602 2075 3
1602 2076 1
1602 2214 3
1602 2241 1
1602 2251 1
1602 2416 2
1602 2546 1
1602 2690 3
1604 1914 1
1604 2600 1
1605 2690 1
1608 1765 2
1608 2325 1
1609 1635 1
1609 2602 1
1609 2625 1
1609 2642 1
1610 1704 1
1610 2007 1
1610 2463 1
1611 2395 1
1612 1770 1
1614 1899 2
1614 2226 1
1614 2570 1
1615 1910 2
1615 1971 1
1615 2207 1
1615 2340 3
1615 2390 1
1616 2367 1
1617 1811 1
1617 2095 1
1617 2288 1
1617 2510 1
1617 2586 1
1619 2126 2
1621 2266 1
1623 1648 1
1623 1831 2
1623 2676 1
1624 1829 1
1625 2007 1
1625 2543 1
1625 2563 1
1626 1794 1
1626 1957 1
1627 1691 1
1627 1756 1
1627 1807 1
1627 1818 1
1627 2420 1
1629 2018 1
1630 2017 1
1632 2362 1
1634 1640 1
1634 1760 1
1634 2620 1
1635 2602 1
1636 1680 1
1636 2015 1
1636 2159 1
1637 1701 1
1637 2156 1
1637 2623 1
1638 2425 1
1638 2509 1
1639 2629 1
1640 1760 1
1640 2620 1
1641 2054 1
1642 2021 1
1642 2425 2
1643 2161 1
1643 2508 1
1643 2619 1
1643 2621 1
1647 2243 1
1647 2653 1
1648 1831 1
1649 1801 1
1650 2382 1
1651 1983 1
1654 2382 1
1654 2644 1
1655 2494 2
1655 2714 1
1657 1777 1
1657 1900 1
1659 2127 1
1661 2630 1
1662 1935 2
1664 2404 3
1664 2696 2
1664 2697 1
1665 1766 1
1666 1885 1
1666 2001 1
1666 2042 1
1666 2068 1
1666 2147 1
1666 2532 1
1666 2611 1
1669 1993 1
1669 2088 1
1670 2709 1
1671 1948 1
1671 2208 1
1672 2590 1
1673 2221 1
1673 2442 1
1674 2528 1
1675 2308 1
1676 2546 2
1676 2685 1
1677 1798 1
1678 2178 1
1679 2061 1
1679 2533 1
1680 2015 1
1680 2159 1
1681 2142 1
1681 2398 1
1682 1690 1
1684 2128 1
1684 2481 1
1685 2103 2
1686 1834 1
1686 1851 2
1686 2111 3
1686 2666 1
1687 1995 1
1689 1908 1
1691 1818 1
1692 2245 1
1693 1824 2
1693 1942 1
1693 2063 1
1693 2076 1
1693 2077 1
1693 2085 3
1693 2090 1
1693 2279 1
1693 2480 2
1693 2539 1
1694 1754 1
1695 2179 1
1696 2302 1
1697 2123 1
1697 2612 1
1698 1941 1
1699 2045 1
1700 2059 1
1701 2156 2
1701 2623 2
1702 2467 1
1703 1706 1
1703 2333 1
1703 2424 1
1703 2624 1
1706 2333 1
1706 2424 1
1706 2624 1
1707 2274 1
1707 2432 1
1708 2036 1
1709 1797 1
1709 1967 1
1710 2559 1
1711 2027 2
1713 2285 1
1714 1922 1
1714 2361 1
1714 2373 1
1714 2553 1
1714 2555 1
1715 2215 1
1715 2571 1
1716 1901 2
1716 2075 1
1716 2214 1
1717 1942 1
1718 2142 1
1719 2056 1
1719 2078 1
1719 2431 1
1719 2476 1
1719 2563 1
1719 2578 5
1720 1929 1
1721 1988 1
1721 2196 1
1722 2106 1
1722 2173 1
1722 2404 1
1725 1757 1
1725 2446 1
1728 2168 1
1728 2329 1
1729 2536 1
1731 2020 1
1731 2066 1
1731 2203 1
1731 2348 1
1731 2488 1
1731 2595 1
1732 1744 1
1732 2469 1
1732 2710 1
1733 2215 1
1733 2571 1
1734 1933 1
1735 2326 1
1736 1745 1
1737 1758 1
1740 2062 1
1742 2039 1
1743 2327 1
1744 2469 1
1744 2710 1
1746 2235 1
1747 1894 1
1747 2579 1
1748 1988 1
1750 1826 1
1750 2182 1
1753 1892 2
1754 2410 1
1755 2377 1
1756 1920 1
1756 1961 1
1756 2420 1
1757 2446 1
1760 2620 1
1761 2252 1
1761 2365 1
1761 2704 1
1763 1915 1
1764 2188 1
1766 1950 1
1766 2001 1
1767 1785 1
1767 2022 2
1767 2251 3
1767 2690 1
1769 2658 1
1771 2001 1
1771 2166 1
1775 2089 1
1778 2138 1
1779 1796 1
1780 1914 1
1781 1979 1
1781 2583 1
1782 2165 1
1782 2187 1
1782 2436 1
1785 1975 1
1785 2179 1
1785 2335 1
1785 2531 1
1785 2689 1
1786 1812 1
1786 2251 4
1786 2303 1
1786 2317 1
1787 2415 1
1788 2554 1
1791 2343 1
1794 1957 1
1795 2151 1
1797 1967 1
1802 2311 1
1803 1859 1
1804 1840 2
1804 2217 1
1804 2240 1
1807 1861 1
1808 1977 1
1809 2066 1
1809 2348 1
1809 2488 1
1811 2095 1
1811 2288 1
1811 2510 1
1811 2586 1
1812 2251 1
1812 2303 1
1812 2345 1
1814 1944 2
1815 2038 1
1816 2017 1
1817 1911 1
1817 2442 1
1819 2355 1
1819 2478 1
1820 1839 1
1820 2114 1
1820 2703 2
1822 2610 1
1823 1946 1
1823 2698 1
1824 2090 1
1826 2182 1
1827 2373 1
1830 2666 1
1831 2676 1
1832 1898 1
1834 2075 1
1834 2144 2
1834 2214 1
1834 2571 1
1834 2584 1
1835 2318 1
1835 2521 1
1835 2683 1
1836 2024 1
1836 2342 1
1836 2513 1
1836 2550 2
1837 1845 2
1837 1934 1
1837 2118 1
1837 2445 1
1837 2461 1
1837 2546 1
1839 2114 1
1839 2703 1
1841 2051 1
1842 2482 1
1845 2118 1
1845 2445 1
1845 2461 1
1845 2546 1
1848 2047 1
1848 2594 2
1849 2529 1
1849 2713 1
1851 2111 6
1851 2666 2
1851 2672 1
1855 2073 1
1855 2715 1
1856 2288 1
1856 2586 1
1857 2174 1
1858 1888 1
1859 1904 1
1859 2057 1
1859 2188 1
1859 2270 1
1859 2311 2
1859 2434 1
1862 1879 1
1864 1869 1
1864 2655 1
1865 2120 1
1867 2136 1
1868 2218 1
1868 2452 1
1871 1980 1
1875 2479 1
1877 2578 1
1878 2032 1
1880 2231 1
1883 2048 2
1885 2147 1
1887 2706 1
1890 1926 1
1890 2418 1
1891 2631 1
1892 2651 3
1893 1970 1
1894 2579 1
1895 1993 1
1895 2111 1
1895 2665 1
1897 2320 1
1897 2663 1
1899 2075 1
1899 2219 1
1899 2226 1
1899 2388 1
1899 2546 1
1899 2691 1
1901 2075 3
1901 2076 1
1901 2214 3
1901 2215 1
1901 2241 1
1901 2416 2
1901 2506 2
1901 2546 1
1902 2007 1
1904 2188 1
1904 2311 1
1905 2104 1
1905 2142 1
1906 2179 1
1906 2464 1
1910 2340 1
1911 2442 1
1912 1999 2
1914 2600 1
1916 2102 1
1918 2356 1
1918 2412 1
1919 1948 1
1920 1961 1
1922 2361 1
1922 2373 1
1922 2553 1
1922 2555 1
1923 2563 2
1924 2397 1
1926 2418 1
1928 2123 1
1930 1968 1
1930 1989 1
1931 2453 1
1932 2261 1
1933 2504 1
1935 2562 1
1937 2382 1
1938 2271 1
1942 2085 1
1942 2422 1
1942 2491 1
1945 2320 2
1946 2340 1
1946 2698 1
1947 2115 1
1947 2511 3
1948 2208 1
1952 2559 1
1958 2174 1
1959 1996 1
1960 2236 1
1962 2292 1
1962 2401 1
1963 2496 1
1964 2486 1
1965 2187 1
1965 2382 1
1966 2101 1
1968 1989 1
1969 2404 1
1972 2465 2
1973 1998 1
1975 2397 1
1976 2666 1
1978 2106 1
1978 2374 1
1978 2688 2
1980 2121 1
1980 2122 1
1980 2557 1
1980 2626 1
1980 2694 1
1981 2272 1
1982 2112 1
1983 2049 1
1983 2352 1
1983 2455 1
1983 2477 1
1985 2346 1
1986 2413 1
1987 2373 1
1988 2196 3
1990 2291 1
1992 2188 1
1993 2088 1
1993 2659 1
1994 2056 1
1997 2137 1
1998 2528 1
1999 2191 1
1999 2227 2
1999 2636 1
2000 2439 1
2001 2166 1
2001 2611 2
2003 2139 1
2007 2078 1
2007 2229 2
2007 2231 1
2007 2463 2
2007 2543 2
2008 2228 2
2011 2129 1
2011 2179 1
2012 2190 1
2012 2369 1
2015 2159 1
2016 2336 1
2016 2599 1
2020 2066 1
2020 2203 1
2020 2348 1
2020 2488 1
2020 2595 1
2021 2425 1
2022 2251 3
2022 2690 1
2024 2550 1
2025 2449 1
2029 2094 1
2030 2426 1
2034 2500 2
2035 2311 1
2037 2353 1
2041 2313 1
2043 2618 1
2046 2414 1
2047 2594 1
2049 2125 1
2050 2144 1
2050 2471 1
2054 2468 1
2055 2356 1
2056 2179 1
2056 2187 1
2057 2270 1
2057 2434 1
2058 2092 1
2058 2404 1
2061 2533 1
2063 2077 1
2063 2279 1
2066 2203 1
2066 2348 2
2066 2488 2
2066 2595 1
2069 2107 1
2069 2382 2
2073 2715 1
2075 2076 1
2075 2144 2
2075 2179 1
2075 2214 9
2075 2282 1
2075 2340 1
2075 2388 1
2075 2445 2
2075 2546 7
2075 2571 3
2075 2685 2
2075 2691 1
2076 2214 1
2076 2480 1
2077 2279 1
2078 2578 1
2079 2330 1
2079 2712 1
2080 2651 1
2081 2111 6
2081 2472 1
2083 2652 1
2084 2413 1
2085 2423 1
2089 2248 1
2092 2404 3
2093 2373 1
2095 2288 1
2095 2510 1
2095 2586 1
2096 2182 3
2097 2258 1
2097 2657 2
2097 2682 3
2099 2560 1
2104 2142 1
2105 2563 1
2107 2382 1
2108 2519 2
2108 2600 1
2109 2171 1
2110 2370 1
2110 2373 1
2111 2263 1
2111 2275 2
2111 2335 1
2111 2359 1
2111 2399 1
2111 2454 1
2111 2472 3
2111 2483 2
2111 2544 1
2111 2650 1
2111 2666 2
2113 2596 1
2114 2703 1
2116 2222 1
2116 2415 1
2118 2461 1
2119 2131 1
2119 2604 1
2122 2557 1
2123 2134 1
2123 2223 1
2123 2382 1
2123 2609 1
2124 2541 1
2124 2609 3
2126 2386 1
2128 2481 1
2131 2604 1
2133 2187 1
2134 2382 1
2135 2236 1
2136 2520 1
2140 2428 1
2141 2288 1
2142 2398 2
2144 2214 2
2144 2225 1
2144 2471 2
2144 2512 1
2144 2563 1
2144 2571 2
2144 2681 1
2145 2188 1
2145 2286 1
2148 2530 1
2148 2532 1
2148 2702 1
2153 2409 1
2154 2648 2
2156 2616 1
2156 2622 1
2156 2623 2
2157 2660 1
2161 2619 1
2164 2638 1
2165 2187 1
2165 2436 1
2167 2236 1
2168 2329 1
2169 2670 1
2169 2680 1
2170 2372 1
2172 2233 1
2172 2386 1
2174 2445 1
2175 2176 1
2177 2239 2
2179 2214 1
2179 2445 1
2179 2464 2
2180 2669 1
2182 2489 1
2182 2502 1
2183 2244 1
2187 2382 2
2187 2436 1
2187 2505 2
2188 2286 1
2188 2311 3
2188 2391 1
2188 2490 1
2188 2564 1
2189 2601 1
2190 2369 1
2193 2499 1
2197 2518 1
2200 2268 1
2203 2348 1
2203 2488 1
2203 2595 1
2204 2382 3
2204 2532 1
2206 2613 1
2206 2651 1
2210 2385 1
2210 2405 1
2210 2576 1
2214 2445 3
2214 2473 1
2214 2546 1
2214 2571 3
2215 2474 1
2215 2571 4
2217 2588 1
2218 2452 1
2218 2614 1
2221 2442 2
2221 2551 1
2222 2415 1
2229 2445 2
2233 2386 1
2236 2640 1
2237 2253 1
2237 2264 1
2241 2416 1
2243 2653 1
2251 2303 1
2251 2317 1
2251 2690 1
2252 2365 1
2252 2704 1
2253 2264 1
2253 2288 1
2254 2577 1
2258 2682 1
2262 2606 1
2265 2376 1
2270 2434 1
2274 2432 1
2278 2436 1
2280 2559 1
2280 2653 2
2286 2451 1
2288 2510 2
2288 2586 3
2292 2401 1
2294 2353 1
2298 2375 1
2298 2525 1
2299 2489 1
2299 2573 2
2301 2337 1
2307 2437 1
2311 2512 1
2314 2430 2
2316 2563 2
2318 2521 1
2318 2683 1
2319 2643 1
2320 2663 1
2322 2571 1
2328 2443 1
2330 2712 1
2331 2469 1
2333 2424 1
2333 2624 1
2335 2531 1
2335 2689 1
2336 2599 1
2338 2404 1
2340 2390 1
2341 2591 1
2342 2513 1
2348 2488 3
2348 2595 1
2349 2540 1
2352 2536 2
2353 2386 1
2355 2478 1
2356 2412 1
2357 2496 1
2359 2534 1
2361 2373 1
2361 2553 1
2361 2555 1
2365 2704 1
2366 2565 1
2370 2373 1
2373 2456 1
2373 2553 1
2373 2555 1
2374 2688 1
2375 2525 1
2378 2444 1
2378 2458 1
2382 2406 1
2382 2532 1
2382 2644 1
2383 2563 1
2385 2405 1
2385 2576 1
2388 2546 1
2388 2691 1
2393 2559 1
2394 2656 1
2397 2548 2
2399 2544 1
2403 2707 1
2404 2696 1
2405 2576 1
2413 2439 2
2421 2588 1
2424 2624 1
2425 2509 1
2427 2574 1
2440 2485 1
2441 2475 1
2442 2551 1
2444 2458 1
2445 2546 4
2448 2484 1
2452 2495 2
2455 2477 1
2459 2607 1
2469 2710 1
2475 2711 1
2476 2563 1
2487 2501 1
2487 2608 1
2488 2595 1
2489 2573 3
2493 2679 1
2494 2714 2
2508 2621 1
2510 2586 2
2517 2545 1
2519 2600 1
2521 2683 1
2523 2615 1
2526 2695 1
2527 2654 1
2529 2713 1
2530 2538 1
2531 2689 1
2532 2628 2
2532 2634 1
2532 2702 2
2536 2563 1
2536 2666 1
2537 2603 1
2541 2609 1
2546 2685 3
2546 2691 1
2553 2555 1
2557 2700 1
2563 2666 1
2566 2705 1
2590 2598 1
2613 2651 2
2616 2622 1
2627 2666 1
2637 2674 1
2657 2682 2
2670 2680 1
